3151
0 6 3 20971520 0
1 7 3 204800 0.001
1 7 3 204800 0.001
1 7 3 204800 0.001
1 7 3 204800 0.001
1 7 3 204800 0.001
1 7 3 204800 0.001
1 7 3 204800 0.001
1 7 3 204800 0.001
1 7 3 204800 0.001
1 7 3 204800 0.001
1 7 3 204800 0.001
1 7 3 204800 0.001
1 7 3 204800 0.001
1 7 3 204800 0.001
1 7 3 204800 0.001
1 7 3 204800 0.001
1 7 3 204800 0.001
1 7 3 204800 0.001
1 7 3 204800 0.001
1 7 3 204800 0.001
1 7 3 204800 0.001
1 7 3 204800 0.001
1 7 3 204800 0.001
1 7 3 204800 0.001
1 7 3 204800 0.001
1 7 3 204800 0.001
1 7 3 204800 0.001
1 7 3 204800 0.001
1 7 3 204800 0.001
1 7 3 204800 0.001
1 7 3 204800 0.001
1 7 3 204800 0.001
1 7 3 204800 0.001
1 7 3 204800 0.001
1 7 3 204800 0.001
1 7 3 204800 0.001
1 7 3 204800 0.001
1 7 3 204800 0.001
1 7 3 204800 0.001
1 7 3 204800 0.001
1 7 3 204800 0.001
1 7 3 204800 0.001
8 7 3 204800 0.001
8 7 3 204800 0.001
8 7 3 204800 0.001
8 7 3 204800 0.001
8 7 3 204800 0.001
8 7 3 204800 0.001
8 7 3 204800 0.001
8 7 3 204800 0.001
8 7 3 204800 0.001
8 7 3 204800 0.001
8 7 3 204800 0.001
8 7 3 204800 0.001
8 7 3 204800 0.001
8 7 3 204800 0.001
8 7 3 204800 0.001
8 7 3 204800 0.001
8 7 3 204800 0.001
8 7 3 204800 0.001
8 7 3 204800 0.001
8 7 3 204800 0.001
8 7 3 204800 0.001
8 7 3 204800 0.001
8 7 3 204800 0.001
8 7 3 204800 0.001
8 7 3 204800 0.001
8 7 3 204800 0.001
8 7 3 204800 0.001
8 7 3 204800 0.001
8 7 3 204800 0.001
8 7 3 204800 0.001
8 7 3 204800 0.001
8 7 3 204800 0.001
8 7 3 204800 0.001
8 7 3 204800 0.001
8 7 3 204800 0.001
8 7 3 204800 0.001
8 7 3 204800 0.001
8 7 3 204800 0.001
8 7 3 204800 0.001
8 7 3 204800 0.001
8 7 3 204800 0.001
8 7 3 204800 0.001
9 7 3 204800 0.001
9 7 3 204800 0.001
9 7 3 204800 0.001
9 7 3 204800 0.001
9 7 3 204800 0.001
9 7 3 204800 0.001
9 7 3 204800 0.001
9 7 3 204800 0.001
9 7 3 204800 0.001
9 7 3 204800 0.001
9 7 3 204800 0.001
9 7 3 204800 0.001
9 7 3 204800 0.001
9 7 3 204800 0.001
9 7 3 204800 0.001
9 7 3 204800 0.001
9 7 3 204800 0.001
9 7 3 204800 0.001
9 7 3 204800 0.001
9 7 3 204800 0.001
9 7 3 204800 0.001
9 7 3 204800 0.001
9 7 3 204800 0.001
9 7 3 204800 0.001
9 7 3 204800 0.001
9 7 3 204800 0.001
9 7 3 204800 0.001
9 7 3 204800 0.001
9 7 3 204800 0.001
9 7 3 204800 0.001
9 7 3 204800 0.001
9 7 3 204800 0.001
9 7 3 204800 0.001
9 7 3 204800 0.001
9 7 3 204800 0.001
9 7 3 204800 0.001
9 7 3 204800 0.001
9 7 3 204800 0.001
9 7 3 204800 0.001
9 7 3 204800 0.001
9 7 3 204800 0.001
9 7 3 204800 0.001
10 7 3 204800 0.001
10 7 3 204800 0.001
10 7 3 204800 0.001
10 7 3 204800 0.001
10 7 3 204800 0.001
10 7 3 204800 0.001
10 7 3 204800 0.001
10 7 3 204800 0.001
10 7 3 204800 0.001
10 7 3 204800 0.001
10 7 3 204800 0.001
10 7 3 204800 0.001
10 7 3 204800 0.001
10 7 3 204800 0.001
10 7 3 204800 0.001
10 7 3 204800 0.001
10 7 3 204800 0.001
10 7 3 204800 0.001
10 7 3 204800 0.001
10 7 3 204800 0.001
10 7 3 204800 0.001
10 7 3 204800 0.001
10 7 3 204800 0.001
10 7 3 204800 0.001
10 7 3 204800 0.001
10 7 3 204800 0.001
10 7 3 204800 0.001
10 7 3 204800 0.001
10 7 3 204800 0.001
10 7 3 204800 0.001
10 7 3 204800 0.001
10 7 3 204800 0.001
10 7 3 204800 0.001
10 7 3 204800 0.001
10 7 3 204800 0.001
10 7 3 204800 0.001
10 7 3 204800 0.001
10 7 3 204800 0.001
10 7 3 204800 0.001
10 7 3 204800 0.001
10 7 3 204800 0.001
10 7 3 204800 0.001
11 7 3 204800 0.001
11 7 3 204800 0.001
11 7 3 204800 0.001
11 7 3 204800 0.001
11 7 3 204800 0.001
11 7 3 204800 0.001
11 7 3 204800 0.001
11 7 3 204800 0.001
11 7 3 204800 0.001
11 7 3 204800 0.001
11 7 3 204800 0.001
11 7 3 204800 0.001
11 7 3 204800 0.001
11 7 3 204800 0.001
11 7 3 204800 0.001
11 7 3 204800 0.001
11 7 3 204800 0.001
11 7 3 204800 0.001
11 7 3 204800 0.001
11 7 3 204800 0.001
11 7 3 204800 0.001
11 7 3 204800 0.001
11 7 3 204800 0.001
11 7 3 204800 0.001
11 7 3 204800 0.001
11 7 3 204800 0.001
11 7 3 204800 0.001
11 7 3 204800 0.001
11 7 3 204800 0.001
11 7 3 204800 0.001
11 7 3 204800 0.001
11 7 3 204800 0.001
11 7 3 204800 0.001
11 7 3 204800 0.001
11 7 3 204800 0.001
11 7 3 204800 0.001
11 7 3 204800 0.001
11 7 3 204800 0.001
11 7 3 204800 0.001
11 7 3 204800 0.001
11 7 3 204800 0.001
11 7 3 204800 0.001
12 7 3 204800 0.001
12 7 3 204800 0.001
12 7 3 204800 0.001
12 7 3 204800 0.001
12 7 3 204800 0.001
12 7 3 204800 0.001
12 7 3 204800 0.001
12 7 3 204800 0.001
12 7 3 204800 0.001
12 7 3 204800 0.001
12 7 3 204800 0.001
12 7 3 204800 0.001
12 7 3 204800 0.001
12 7 3 204800 0.001
12 7 3 204800 0.001
12 7 3 204800 0.001
12 7 3 204800 0.001
12 7 3 204800 0.001
12 7 3 204800 0.001
12 7 3 204800 0.001
12 7 3 204800 0.001
12 7 3 204800 0.001
12 7 3 204800 0.001
12 7 3 204800 0.001
12 7 3 204800 0.001
12 7 3 204800 0.001
12 7 3 204800 0.001
12 7 3 204800 0.001
12 7 3 204800 0.001
12 7 3 204800 0.001
12 7 3 204800 0.001
12 7 3 204800 0.001
12 7 3 204800 0.001
12 7 3 204800 0.001
12 7 3 204800 0.001
12 7 3 204800 0.001
12 7 3 204800 0.001
12 7 3 204800 0.001
12 7 3 204800 0.001
12 7 3 204800 0.001
12 7 3 204800 0.001
12 7 3 204800 0.001
13 7 3 204800 0.001
13 7 3 204800 0.001
13 7 3 204800 0.001
13 7 3 204800 0.001
13 7 3 204800 0.001
13 7 3 204800 0.001
13 7 3 204800 0.001
13 7 3 204800 0.001
13 7 3 204800 0.001
13 7 3 204800 0.001
13 7 3 204800 0.001
13 7 3 204800 0.001
13 7 3 204800 0.001
13 7 3 204800 0.001
13 7 3 204800 0.001
13 7 3 204800 0.001
13 7 3 204800 0.001
13 7 3 204800 0.001
13 7 3 204800 0.001
13 7 3 204800 0.001
13 7 3 204800 0.001
13 7 3 204800 0.001
13 7 3 204800 0.001
13 7 3 204800 0.001
13 7 3 204800 0.001
13 7 3 204800 0.001
13 7 3 204800 0.001
13 7 3 204800 0.001
13 7 3 204800 0.001
13 7 3 204800 0.001
13 7 3 204800 0.001
13 7 3 204800 0.001
13 7 3 204800 0.001
13 7 3 204800 0.001
13 7 3 204800 0.001
13 7 3 204800 0.001
13 7 3 204800 0.001
13 7 3 204800 0.001
13 7 3 204800 0.001
13 7 3 204800 0.001
13 7 3 204800 0.001
13 7 3 204800 0.001
14 7 3 204800 0.001
14 7 3 204800 0.001
14 7 3 204800 0.001
14 7 3 204800 0.001
14 7 3 204800 0.001
14 7 3 204800 0.001
14 7 3 204800 0.001
14 7 3 204800 0.001
14 7 3 204800 0.001
14 7 3 204800 0.001
14 7 3 204800 0.001
14 7 3 204800 0.001
14 7 3 204800 0.001
14 7 3 204800 0.001
14 7 3 204800 0.001
14 7 3 204800 0.001
14 7 3 204800 0.001
14 7 3 204800 0.001
14 7 3 204800 0.001
14 7 3 204800 0.001
14 7 3 204800 0.001
14 7 3 204800 0.001
14 7 3 204800 0.001
14 7 3 204800 0.001
14 7 3 204800 0.001
14 7 3 204800 0.001
14 7 3 204800 0.001
14 7 3 204800 0.001
14 7 3 204800 0.001
14 7 3 204800 0.001
14 7 3 204800 0.001
14 7 3 204800 0.001
14 7 3 204800 0.001
14 7 3 204800 0.001
14 7 3 204800 0.001
14 7 3 204800 0.001
14 7 3 204800 0.001
14 7 3 204800 0.001
14 7 3 204800 0.001
14 7 3 204800 0.001
14 7 3 204800 0.001
14 7 3 204800 0.001
15 7 3 204800 0.001
15 7 3 204800 0.001
15 7 3 204800 0.001
15 7 3 204800 0.001
15 7 3 204800 0.001
15 7 3 204800 0.001
15 7 3 204800 0.001
15 7 3 204800 0.001
15 7 3 204800 0.001
15 7 3 204800 0.001
15 7 3 204800 0.001
15 7 3 204800 0.001
15 7 3 204800 0.001
15 7 3 204800 0.001
15 7 3 204800 0.001
15 7 3 204800 0.001
15 7 3 204800 0.001
15 7 3 204800 0.001
15 7 3 204800 0.001
15 7 3 204800 0.001
15 7 3 204800 0.001
15 7 3 204800 0.001
15 7 3 204800 0.001
15 7 3 204800 0.001
15 7 3 204800 0.001
15 7 3 204800 0.001
15 7 3 204800 0.001
15 7 3 204800 0.001
15 7 3 204800 0.001
15 7 3 204800 0.001
15 7 3 204800 0.001
15 7 3 204800 0.001
15 7 3 204800 0.001
15 7 3 204800 0.001
15 7 3 204800 0.001
15 7 3 204800 0.001
15 7 3 204800 0.001
15 7 3 204800 0.001
15 7 3 204800 0.001
15 7 3 204800 0.001
15 7 3 204800 0.001
15 7 3 204800 0.001
16 7 3 204800 0.001
16 7 3 204800 0.001
16 7 3 204800 0.001
16 7 3 204800 0.001
16 7 3 204800 0.001
16 7 3 204800 0.001
16 7 3 204800 0.001
16 7 3 204800 0.001
16 7 3 204800 0.001
16 7 3 204800 0.001
16 7 3 204800 0.001
16 7 3 204800 0.001
16 7 3 204800 0.001
16 7 3 204800 0.001
16 7 3 204800 0.001
16 7 3 204800 0.001
16 7 3 204800 0.001
16 7 3 204800 0.001
16 7 3 204800 0.001
16 7 3 204800 0.001
16 7 3 204800 0.001
16 7 3 204800 0.001
16 7 3 204800 0.001
16 7 3 204800 0.001
16 7 3 204800 0.001
16 7 3 204800 0.001
16 7 3 204800 0.001
16 7 3 204800 0.001
16 7 3 204800 0.001
16 7 3 204800 0.001
16 7 3 204800 0.001
16 7 3 204800 0.001
16 7 3 204800 0.001
16 7 3 204800 0.001
16 7 3 204800 0.001
16 7 3 204800 0.001
16 7 3 204800 0.001
16 7 3 204800 0.001
16 7 3 204800 0.001
16 7 3 204800 0.001
16 7 3 204800 0.001
16 7 3 204800 0.001
17 7 3 204800 0.001
17 7 3 204800 0.001
17 7 3 204800 0.001
17 7 3 204800 0.001
17 7 3 204800 0.001
17 7 3 204800 0.001
17 7 3 204800 0.001
17 7 3 204800 0.001
17 7 3 204800 0.001
17 7 3 204800 0.001
17 7 3 204800 0.001
17 7 3 204800 0.001
17 7 3 204800 0.001
17 7 3 204800 0.001
17 7 3 204800 0.001
17 7 3 204800 0.001
17 7 3 204800 0.001
17 7 3 204800 0.001
17 7 3 204800 0.001
17 7 3 204800 0.001
17 7 3 204800 0.001
17 7 3 204800 0.001
17 7 3 204800 0.001
17 7 3 204800 0.001
17 7 3 204800 0.001
17 7 3 204800 0.001
17 7 3 204800 0.001
17 7 3 204800 0.001
17 7 3 204800 0.001
17 7 3 204800 0.001
17 7 3 204800 0.001
17 7 3 204800 0.001
17 7 3 204800 0.001
17 7 3 204800 0.001
17 7 3 204800 0.001
17 7 3 204800 0.001
17 7 3 204800 0.001
17 7 3 204800 0.001
17 7 3 204800 0.001
17 7 3 204800 0.001
17 7 3 204800 0.001
17 7 3 204800 0.001
18 7 3 204800 0.001
18 7 3 204800 0.001
18 7 3 204800 0.001
18 7 3 204800 0.001
18 7 3 204800 0.001
18 7 3 204800 0.001
18 7 3 204800 0.001
18 7 3 204800 0.001
18 7 3 204800 0.001
18 7 3 204800 0.001
18 7 3 204800 0.001
18 7 3 204800 0.001
18 7 3 204800 0.001
18 7 3 204800 0.001
18 7 3 204800 0.001
18 7 3 204800 0.001
18 7 3 204800 0.001
18 7 3 204800 0.001
18 7 3 204800 0.001
18 7 3 204800 0.001
18 7 3 204800 0.001
18 7 3 204800 0.001
18 7 3 204800 0.001
18 7 3 204800 0.001
18 7 3 204800 0.001
18 7 3 204800 0.001
18 7 3 204800 0.001
18 7 3 204800 0.001
18 7 3 204800 0.001
18 7 3 204800 0.001
18 7 3 204800 0.001
18 7 3 204800 0.001
18 7 3 204800 0.001
18 7 3 204800 0.001
18 7 3 204800 0.001
18 7 3 204800 0.001
18 7 3 204800 0.001
18 7 3 204800 0.001
18 7 3 204800 0.001
18 7 3 204800 0.001
18 7 3 204800 0.001
18 7 3 204800 0.001
19 7 3 204800 0.001
19 7 3 204800 0.001
19 7 3 204800 0.001
19 7 3 204800 0.001
19 7 3 204800 0.001
19 7 3 204800 0.001
19 7 3 204800 0.001
19 7 3 204800 0.001
19 7 3 204800 0.001
19 7 3 204800 0.001
19 7 3 204800 0.001
19 7 3 204800 0.001
19 7 3 204800 0.001
19 7 3 204800 0.001
19 7 3 204800 0.001
19 7 3 204800 0.001
19 7 3 204800 0.001
19 7 3 204800 0.001
19 7 3 204800 0.001
19 7 3 204800 0.001
19 7 3 204800 0.001
19 7 3 204800 0.001
19 7 3 204800 0.001
19 7 3 204800 0.001
19 7 3 204800 0.001
19 7 3 204800 0.001
19 7 3 204800 0.001
19 7 3 204800 0.001
19 7 3 204800 0.001
19 7 3 204800 0.001
19 7 3 204800 0.001
19 7 3 204800 0.001
19 7 3 204800 0.001
19 7 3 204800 0.001
19 7 3 204800 0.001
19 7 3 204800 0.001
19 7 3 204800 0.001
19 7 3 204800 0.001
19 7 3 204800 0.001
19 7 3 204800 0.001
19 7 3 204800 0.001
19 7 3 204800 0.001
20 7 3 204800 0.001
20 7 3 204800 0.001
20 7 3 204800 0.001
20 7 3 204800 0.001
20 7 3 204800 0.001
20 7 3 204800 0.001
20 7 3 204800 0.001
20 7 3 204800 0.001
20 7 3 204800 0.001
20 7 3 204800 0.001
20 7 3 204800 0.001
20 7 3 204800 0.001
20 7 3 204800 0.001
20 7 3 204800 0.001
20 7 3 204800 0.001
20 7 3 204800 0.001
20 7 3 204800 0.001
20 7 3 204800 0.001
20 7 3 204800 0.001
20 7 3 204800 0.001
20 7 3 204800 0.001
20 7 3 204800 0.001
20 7 3 204800 0.001
20 7 3 204800 0.001
20 7 3 204800 0.001
20 7 3 204800 0.001
20 7 3 204800 0.001
20 7 3 204800 0.001
20 7 3 204800 0.001
20 7 3 204800 0.001
20 7 3 204800 0.001
20 7 3 204800 0.001
20 7 3 204800 0.001
20 7 3 204800 0.001
20 7 3 204800 0.001
20 7 3 204800 0.001
20 7 3 204800 0.001
20 7 3 204800 0.001
20 7 3 204800 0.001
20 7 3 204800 0.001
20 7 3 204800 0.001
20 7 3 204800 0.001
21 7 3 204800 0.001
21 7 3 204800 0.001
21 7 3 204800 0.001
21 7 3 204800 0.001
21 7 3 204800 0.001
21 7 3 204800 0.001
21 7 3 204800 0.001
21 7 3 204800 0.001
21 7 3 204800 0.001
21 7 3 204800 0.001
21 7 3 204800 0.001
21 7 3 204800 0.001
21 7 3 204800 0.001
21 7 3 204800 0.001
21 7 3 204800 0.001
21 7 3 204800 0.001
21 7 3 204800 0.001
21 7 3 204800 0.001
21 7 3 204800 0.001
21 7 3 204800 0.001
21 7 3 204800 0.001
21 7 3 204800 0.001
21 7 3 204800 0.001
21 7 3 204800 0.001
21 7 3 204800 0.001
21 7 3 204800 0.001
21 7 3 204800 0.001
21 7 3 204800 0.001
21 7 3 204800 0.001
21 7 3 204800 0.001
21 7 3 204800 0.001
21 7 3 204800 0.001
21 7 3 204800 0.001
21 7 3 204800 0.001
21 7 3 204800 0.001
21 7 3 204800 0.001
21 7 3 204800 0.001
21 7 3 204800 0.001
21 7 3 204800 0.001
21 7 3 204800 0.001
21 7 3 204800 0.001
21 7 3 204800 0.001
1 7 3 204800 0.01
1 7 3 204800 0.01
1 7 3 204800 0.01
1 7 3 204800 0.01
1 7 3 204800 0.01
1 7 3 204800 0.01
1 7 3 204800 0.01
1 7 3 204800 0.01
1 7 3 204800 0.01
1 7 3 204800 0.01
1 7 3 204800 0.01
1 7 3 204800 0.01
1 7 3 204800 0.01
1 7 3 204800 0.01
1 7 3 204800 0.01
1 7 3 204800 0.01
1 7 3 204800 0.01
1 7 3 204800 0.01
1 7 3 204800 0.01
1 7 3 204800 0.01
1 7 3 204800 0.01
1 7 3 204800 0.01
1 7 3 204800 0.01
1 7 3 204800 0.01
1 7 3 204800 0.01
1 7 3 204800 0.01
1 7 3 204800 0.01
1 7 3 204800 0.01
1 7 3 204800 0.01
1 7 3 204800 0.01
1 7 3 204800 0.01
1 7 3 204800 0.01
1 7 3 204800 0.01
1 7 3 204800 0.01
1 7 3 204800 0.01
1 7 3 204800 0.01
1 7 3 204800 0.01
1 7 3 204800 0.01
1 7 3 204800 0.01
1 7 3 204800 0.01
1 7 3 204800 0.01
1 7 3 204800 0.01
8 7 3 204800 0.01
8 7 3 204800 0.01
8 7 3 204800 0.01
8 7 3 204800 0.01
8 7 3 204800 0.01
8 7 3 204800 0.01
8 7 3 204800 0.01
8 7 3 204800 0.01
8 7 3 204800 0.01
8 7 3 204800 0.01
8 7 3 204800 0.01
8 7 3 204800 0.01
8 7 3 204800 0.01
8 7 3 204800 0.01
8 7 3 204800 0.01
8 7 3 204800 0.01
8 7 3 204800 0.01
8 7 3 204800 0.01
8 7 3 204800 0.01
8 7 3 204800 0.01
8 7 3 204800 0.01
8 7 3 204800 0.01
8 7 3 204800 0.01
8 7 3 204800 0.01
8 7 3 204800 0.01
8 7 3 204800 0.01
8 7 3 204800 0.01
8 7 3 204800 0.01
8 7 3 204800 0.01
8 7 3 204800 0.01
8 7 3 204800 0.01
8 7 3 204800 0.01
8 7 3 204800 0.01
8 7 3 204800 0.01
8 7 3 204800 0.01
8 7 3 204800 0.01
8 7 3 204800 0.01
8 7 3 204800 0.01
8 7 3 204800 0.01
8 7 3 204800 0.01
8 7 3 204800 0.01
8 7 3 204800 0.01
9 7 3 204800 0.01
9 7 3 204800 0.01
9 7 3 204800 0.01
9 7 3 204800 0.01
9 7 3 204800 0.01
9 7 3 204800 0.01
9 7 3 204800 0.01
9 7 3 204800 0.01
9 7 3 204800 0.01
9 7 3 204800 0.01
9 7 3 204800 0.01
9 7 3 204800 0.01
9 7 3 204800 0.01
9 7 3 204800 0.01
9 7 3 204800 0.01
9 7 3 204800 0.01
9 7 3 204800 0.01
9 7 3 204800 0.01
9 7 3 204800 0.01
9 7 3 204800 0.01
9 7 3 204800 0.01
9 7 3 204800 0.01
9 7 3 204800 0.01
9 7 3 204800 0.01
9 7 3 204800 0.01
9 7 3 204800 0.01
9 7 3 204800 0.01
9 7 3 204800 0.01
9 7 3 204800 0.01
9 7 3 204800 0.01
9 7 3 204800 0.01
9 7 3 204800 0.01
9 7 3 204800 0.01
9 7 3 204800 0.01
9 7 3 204800 0.01
9 7 3 204800 0.01
9 7 3 204800 0.01
9 7 3 204800 0.01
9 7 3 204800 0.01
9 7 3 204800 0.01
9 7 3 204800 0.01
9 7 3 204800 0.01
10 7 3 204800 0.01
10 7 3 204800 0.01
10 7 3 204800 0.01
10 7 3 204800 0.01
10 7 3 204800 0.01
10 7 3 204800 0.01
10 7 3 204800 0.01
10 7 3 204800 0.01
10 7 3 204800 0.01
10 7 3 204800 0.01
10 7 3 204800 0.01
10 7 3 204800 0.01
10 7 3 204800 0.01
10 7 3 204800 0.01
10 7 3 204800 0.01
10 7 3 204800 0.01
10 7 3 204800 0.01
10 7 3 204800 0.01
10 7 3 204800 0.01
10 7 3 204800 0.01
10 7 3 204800 0.01
10 7 3 204800 0.01
10 7 3 204800 0.01
10 7 3 204800 0.01
10 7 3 204800 0.01
10 7 3 204800 0.01
10 7 3 204800 0.01
10 7 3 204800 0.01
10 7 3 204800 0.01
10 7 3 204800 0.01
10 7 3 204800 0.01
10 7 3 204800 0.01
10 7 3 204800 0.01
10 7 3 204800 0.01
10 7 3 204800 0.01
10 7 3 204800 0.01
10 7 3 204800 0.01
10 7 3 204800 0.01
10 7 3 204800 0.01
10 7 3 204800 0.01
10 7 3 204800 0.01
10 7 3 204800 0.01
11 7 3 204800 0.01
11 7 3 204800 0.01
11 7 3 204800 0.01
11 7 3 204800 0.01
11 7 3 204800 0.01
11 7 3 204800 0.01
11 7 3 204800 0.01
11 7 3 204800 0.01
11 7 3 204800 0.01
11 7 3 204800 0.01
11 7 3 204800 0.01
11 7 3 204800 0.01
11 7 3 204800 0.01
11 7 3 204800 0.01
11 7 3 204800 0.01
11 7 3 204800 0.01
11 7 3 204800 0.01
11 7 3 204800 0.01
11 7 3 204800 0.01
11 7 3 204800 0.01
11 7 3 204800 0.01
11 7 3 204800 0.01
11 7 3 204800 0.01
11 7 3 204800 0.01
11 7 3 204800 0.01
11 7 3 204800 0.01
11 7 3 204800 0.01
11 7 3 204800 0.01
11 7 3 204800 0.01
11 7 3 204800 0.01
11 7 3 204800 0.01
11 7 3 204800 0.01
11 7 3 204800 0.01
11 7 3 204800 0.01
11 7 3 204800 0.01
11 7 3 204800 0.01
11 7 3 204800 0.01
11 7 3 204800 0.01
11 7 3 204800 0.01
11 7 3 204800 0.01
11 7 3 204800 0.01
11 7 3 204800 0.01
12 7 3 204800 0.01
12 7 3 204800 0.01
12 7 3 204800 0.01
12 7 3 204800 0.01
12 7 3 204800 0.01
12 7 3 204800 0.01
12 7 3 204800 0.01
12 7 3 204800 0.01
12 7 3 204800 0.01
12 7 3 204800 0.01
12 7 3 204800 0.01
12 7 3 204800 0.01
12 7 3 204800 0.01
12 7 3 204800 0.01
12 7 3 204800 0.01
12 7 3 204800 0.01
12 7 3 204800 0.01
12 7 3 204800 0.01
12 7 3 204800 0.01
12 7 3 204800 0.01
12 7 3 204800 0.01
12 7 3 204800 0.01
12 7 3 204800 0.01
12 7 3 204800 0.01
12 7 3 204800 0.01
12 7 3 204800 0.01
12 7 3 204800 0.01
12 7 3 204800 0.01
12 7 3 204800 0.01
12 7 3 204800 0.01
12 7 3 204800 0.01
12 7 3 204800 0.01
12 7 3 204800 0.01
12 7 3 204800 0.01
12 7 3 204800 0.01
12 7 3 204800 0.01
12 7 3 204800 0.01
12 7 3 204800 0.01
12 7 3 204800 0.01
12 7 3 204800 0.01
12 7 3 204800 0.01
12 7 3 204800 0.01
13 7 3 204800 0.01
13 7 3 204800 0.01
13 7 3 204800 0.01
13 7 3 204800 0.01
13 7 3 204800 0.01
13 7 3 204800 0.01
13 7 3 204800 0.01
13 7 3 204800 0.01
13 7 3 204800 0.01
13 7 3 204800 0.01
13 7 3 204800 0.01
13 7 3 204800 0.01
13 7 3 204800 0.01
13 7 3 204800 0.01
13 7 3 204800 0.01
13 7 3 204800 0.01
13 7 3 204800 0.01
13 7 3 204800 0.01
13 7 3 204800 0.01
13 7 3 204800 0.01
13 7 3 204800 0.01
13 7 3 204800 0.01
13 7 3 204800 0.01
13 7 3 204800 0.01
13 7 3 204800 0.01
13 7 3 204800 0.01
13 7 3 204800 0.01
13 7 3 204800 0.01
13 7 3 204800 0.01
13 7 3 204800 0.01
13 7 3 204800 0.01
13 7 3 204800 0.01
13 7 3 204800 0.01
13 7 3 204800 0.01
13 7 3 204800 0.01
13 7 3 204800 0.01
13 7 3 204800 0.01
13 7 3 204800 0.01
13 7 3 204800 0.01
13 7 3 204800 0.01
13 7 3 204800 0.01
13 7 3 204800 0.01
14 7 3 204800 0.01
14 7 3 204800 0.01
14 7 3 204800 0.01
14 7 3 204800 0.01
14 7 3 204800 0.01
14 7 3 204800 0.01
14 7 3 204800 0.01
14 7 3 204800 0.01
14 7 3 204800 0.01
14 7 3 204800 0.01
14 7 3 204800 0.01
14 7 3 204800 0.01
14 7 3 204800 0.01
14 7 3 204800 0.01
14 7 3 204800 0.01
14 7 3 204800 0.01
14 7 3 204800 0.01
14 7 3 204800 0.01
14 7 3 204800 0.01
14 7 3 204800 0.01
14 7 3 204800 0.01
14 7 3 204800 0.01
14 7 3 204800 0.01
14 7 3 204800 0.01
14 7 3 204800 0.01
14 7 3 204800 0.01
14 7 3 204800 0.01
14 7 3 204800 0.01
14 7 3 204800 0.01
14 7 3 204800 0.01
14 7 3 204800 0.01
14 7 3 204800 0.01
14 7 3 204800 0.01
14 7 3 204800 0.01
14 7 3 204800 0.01
14 7 3 204800 0.01
14 7 3 204800 0.01
14 7 3 204800 0.01
14 7 3 204800 0.01
14 7 3 204800 0.01
14 7 3 204800 0.01
14 7 3 204800 0.01
15 7 3 204800 0.01
15 7 3 204800 0.01
15 7 3 204800 0.01
15 7 3 204800 0.01
15 7 3 204800 0.01
15 7 3 204800 0.01
15 7 3 204800 0.01
15 7 3 204800 0.01
15 7 3 204800 0.01
15 7 3 204800 0.01
15 7 3 204800 0.01
15 7 3 204800 0.01
15 7 3 204800 0.01
15 7 3 204800 0.01
15 7 3 204800 0.01
15 7 3 204800 0.01
15 7 3 204800 0.01
15 7 3 204800 0.01
15 7 3 204800 0.01
15 7 3 204800 0.01
15 7 3 204800 0.01
15 7 3 204800 0.01
15 7 3 204800 0.01
15 7 3 204800 0.01
15 7 3 204800 0.01
15 7 3 204800 0.01
15 7 3 204800 0.01
15 7 3 204800 0.01
15 7 3 204800 0.01
15 7 3 204800 0.01
15 7 3 204800 0.01
15 7 3 204800 0.01
15 7 3 204800 0.01
15 7 3 204800 0.01
15 7 3 204800 0.01
15 7 3 204800 0.01
15 7 3 204800 0.01
15 7 3 204800 0.01
15 7 3 204800 0.01
15 7 3 204800 0.01
15 7 3 204800 0.01
15 7 3 204800 0.01
16 7 3 204800 0.01
16 7 3 204800 0.01
16 7 3 204800 0.01
16 7 3 204800 0.01
16 7 3 204800 0.01
16 7 3 204800 0.01
16 7 3 204800 0.01
16 7 3 204800 0.01
16 7 3 204800 0.01
16 7 3 204800 0.01
16 7 3 204800 0.01
16 7 3 204800 0.01
16 7 3 204800 0.01
16 7 3 204800 0.01
16 7 3 204800 0.01
16 7 3 204800 0.01
16 7 3 204800 0.01
16 7 3 204800 0.01
16 7 3 204800 0.01
16 7 3 204800 0.01
16 7 3 204800 0.01
16 7 3 204800 0.01
16 7 3 204800 0.01
16 7 3 204800 0.01
16 7 3 204800 0.01
16 7 3 204800 0.01
16 7 3 204800 0.01
16 7 3 204800 0.01
16 7 3 204800 0.01
16 7 3 204800 0.01
16 7 3 204800 0.01
16 7 3 204800 0.01
16 7 3 204800 0.01
16 7 3 204800 0.01
16 7 3 204800 0.01
16 7 3 204800 0.01
16 7 3 204800 0.01
16 7 3 204800 0.01
16 7 3 204800 0.01
16 7 3 204800 0.01
16 7 3 204800 0.01
16 7 3 204800 0.01
17 7 3 204800 0.01
17 7 3 204800 0.01
17 7 3 204800 0.01
17 7 3 204800 0.01
17 7 3 204800 0.01
17 7 3 204800 0.01
17 7 3 204800 0.01
17 7 3 204800 0.01
17 7 3 204800 0.01
17 7 3 204800 0.01
17 7 3 204800 0.01
17 7 3 204800 0.01
17 7 3 204800 0.01
17 7 3 204800 0.01
17 7 3 204800 0.01
17 7 3 204800 0.01
17 7 3 204800 0.01
17 7 3 204800 0.01
17 7 3 204800 0.01
17 7 3 204800 0.01
17 7 3 204800 0.01
17 7 3 204800 0.01
17 7 3 204800 0.01
17 7 3 204800 0.01
17 7 3 204800 0.01
17 7 3 204800 0.01
17 7 3 204800 0.01
17 7 3 204800 0.01
17 7 3 204800 0.01
17 7 3 204800 0.01
17 7 3 204800 0.01
17 7 3 204800 0.01
17 7 3 204800 0.01
17 7 3 204800 0.01
17 7 3 204800 0.01
17 7 3 204800 0.01
17 7 3 204800 0.01
17 7 3 204800 0.01
17 7 3 204800 0.01
17 7 3 204800 0.01
17 7 3 204800 0.01
17 7 3 204800 0.01
18 7 3 204800 0.01
18 7 3 204800 0.01
18 7 3 204800 0.01
18 7 3 204800 0.01
18 7 3 204800 0.01
18 7 3 204800 0.01
18 7 3 204800 0.01
18 7 3 204800 0.01
18 7 3 204800 0.01
18 7 3 204800 0.01
18 7 3 204800 0.01
18 7 3 204800 0.01
18 7 3 204800 0.01
18 7 3 204800 0.01
18 7 3 204800 0.01
18 7 3 204800 0.01
18 7 3 204800 0.01
18 7 3 204800 0.01
18 7 3 204800 0.01
18 7 3 204800 0.01
18 7 3 204800 0.01
18 7 3 204800 0.01
18 7 3 204800 0.01
18 7 3 204800 0.01
18 7 3 204800 0.01
18 7 3 204800 0.01
18 7 3 204800 0.01
18 7 3 204800 0.01
18 7 3 204800 0.01
18 7 3 204800 0.01
18 7 3 204800 0.01
18 7 3 204800 0.01
18 7 3 204800 0.01
18 7 3 204800 0.01
18 7 3 204800 0.01
18 7 3 204800 0.01
18 7 3 204800 0.01
18 7 3 204800 0.01
18 7 3 204800 0.01
18 7 3 204800 0.01
18 7 3 204800 0.01
18 7 3 204800 0.01
19 7 3 204800 0.01
19 7 3 204800 0.01
19 7 3 204800 0.01
19 7 3 204800 0.01
19 7 3 204800 0.01
19 7 3 204800 0.01
19 7 3 204800 0.01
19 7 3 204800 0.01
19 7 3 204800 0.01
19 7 3 204800 0.01
19 7 3 204800 0.01
19 7 3 204800 0.01
19 7 3 204800 0.01
19 7 3 204800 0.01
19 7 3 204800 0.01
19 7 3 204800 0.01
19 7 3 204800 0.01
19 7 3 204800 0.01
19 7 3 204800 0.01
19 7 3 204800 0.01
19 7 3 204800 0.01
19 7 3 204800 0.01
19 7 3 204800 0.01
19 7 3 204800 0.01
19 7 3 204800 0.01
19 7 3 204800 0.01
19 7 3 204800 0.01
19 7 3 204800 0.01
19 7 3 204800 0.01
19 7 3 204800 0.01
19 7 3 204800 0.01
19 7 3 204800 0.01
19 7 3 204800 0.01
19 7 3 204800 0.01
19 7 3 204800 0.01
19 7 3 204800 0.01
19 7 3 204800 0.01
19 7 3 204800 0.01
19 7 3 204800 0.01
19 7 3 204800 0.01
19 7 3 204800 0.01
19 7 3 204800 0.01
20 7 3 204800 0.01
20 7 3 204800 0.01
20 7 3 204800 0.01
20 7 3 204800 0.01
20 7 3 204800 0.01
20 7 3 204800 0.01
20 7 3 204800 0.01
20 7 3 204800 0.01
20 7 3 204800 0.01
20 7 3 204800 0.01
20 7 3 204800 0.01
20 7 3 204800 0.01
20 7 3 204800 0.01
20 7 3 204800 0.01
20 7 3 204800 0.01
20 7 3 204800 0.01
20 7 3 204800 0.01
20 7 3 204800 0.01
20 7 3 204800 0.01
20 7 3 204800 0.01
20 7 3 204800 0.01
20 7 3 204800 0.01
20 7 3 204800 0.01
20 7 3 204800 0.01
20 7 3 204800 0.01
20 7 3 204800 0.01
20 7 3 204800 0.01
20 7 3 204800 0.01
20 7 3 204800 0.01
20 7 3 204800 0.01
20 7 3 204800 0.01
20 7 3 204800 0.01
20 7 3 204800 0.01
20 7 3 204800 0.01
20 7 3 204800 0.01
20 7 3 204800 0.01
20 7 3 204800 0.01
20 7 3 204800 0.01
20 7 3 204800 0.01
20 7 3 204800 0.01
20 7 3 204800 0.01
20 7 3 204800 0.01
21 7 3 204800 0.01
21 7 3 204800 0.01
21 7 3 204800 0.01
21 7 3 204800 0.01
21 7 3 204800 0.01
21 7 3 204800 0.01
21 7 3 204800 0.01
21 7 3 204800 0.01
21 7 3 204800 0.01
21 7 3 204800 0.01
21 7 3 204800 0.01
21 7 3 204800 0.01
21 7 3 204800 0.01
21 7 3 204800 0.01
21 7 3 204800 0.01
21 7 3 204800 0.01
21 7 3 204800 0.01
21 7 3 204800 0.01
21 7 3 204800 0.01
21 7 3 204800 0.01
21 7 3 204800 0.01
21 7 3 204800 0.01
21 7 3 204800 0.01
21 7 3 204800 0.01
21 7 3 204800 0.01
21 7 3 204800 0.01
21 7 3 204800 0.01
21 7 3 204800 0.01
21 7 3 204800 0.01
21 7 3 204800 0.01
21 7 3 204800 0.01
21 7 3 204800 0.01
21 7 3 204800 0.01
21 7 3 204800 0.01
21 7 3 204800 0.01
21 7 3 204800 0.01
21 7 3 204800 0.01
21 7 3 204800 0.01
21 7 3 204800 0.01
21 7 3 204800 0.01
21 7 3 204800 0.01
21 7 3 204800 0.01
1 7 3 204800 0.02
1 7 3 204800 0.02
1 7 3 204800 0.02
1 7 3 204800 0.02
1 7 3 204800 0.02
1 7 3 204800 0.02
1 7 3 204800 0.02
1 7 3 204800 0.02
1 7 3 204800 0.02
1 7 3 204800 0.02
1 7 3 204800 0.02
1 7 3 204800 0.02
1 7 3 204800 0.02
1 7 3 204800 0.02
1 7 3 204800 0.02
1 7 3 204800 0.02
1 7 3 204800 0.02
1 7 3 204800 0.02
1 7 3 204800 0.02
1 7 3 204800 0.02
1 7 3 204800 0.02
1 7 3 204800 0.02
1 7 3 204800 0.02
1 7 3 204800 0.02
1 7 3 204800 0.02
1 7 3 204800 0.02
1 7 3 204800 0.02
1 7 3 204800 0.02
1 7 3 204800 0.02
1 7 3 204800 0.02
1 7 3 204800 0.02
1 7 3 204800 0.02
1 7 3 204800 0.02
1 7 3 204800 0.02
1 7 3 204800 0.02
1 7 3 204800 0.02
1 7 3 204800 0.02
1 7 3 204800 0.02
1 7 3 204800 0.02
1 7 3 204800 0.02
1 7 3 204800 0.02
1 7 3 204800 0.02
8 7 3 204800 0.02
8 7 3 204800 0.02
8 7 3 204800 0.02
8 7 3 204800 0.02
8 7 3 204800 0.02
8 7 3 204800 0.02
8 7 3 204800 0.02
8 7 3 204800 0.02
8 7 3 204800 0.02
8 7 3 204800 0.02
8 7 3 204800 0.02
8 7 3 204800 0.02
8 7 3 204800 0.02
8 7 3 204800 0.02
8 7 3 204800 0.02
8 7 3 204800 0.02
8 7 3 204800 0.02
8 7 3 204800 0.02
8 7 3 204800 0.02
8 7 3 204800 0.02
8 7 3 204800 0.02
8 7 3 204800 0.02
8 7 3 204800 0.02
8 7 3 204800 0.02
8 7 3 204800 0.02
8 7 3 204800 0.02
8 7 3 204800 0.02
8 7 3 204800 0.02
8 7 3 204800 0.02
8 7 3 204800 0.02
8 7 3 204800 0.02
8 7 3 204800 0.02
8 7 3 204800 0.02
8 7 3 204800 0.02
8 7 3 204800 0.02
8 7 3 204800 0.02
8 7 3 204800 0.02
8 7 3 204800 0.02
8 7 3 204800 0.02
8 7 3 204800 0.02
8 7 3 204800 0.02
8 7 3 204800 0.02
9 7 3 204800 0.02
9 7 3 204800 0.02
9 7 3 204800 0.02
9 7 3 204800 0.02
9 7 3 204800 0.02
9 7 3 204800 0.02
9 7 3 204800 0.02
9 7 3 204800 0.02
9 7 3 204800 0.02
9 7 3 204800 0.02
9 7 3 204800 0.02
9 7 3 204800 0.02
9 7 3 204800 0.02
9 7 3 204800 0.02
9 7 3 204800 0.02
9 7 3 204800 0.02
9 7 3 204800 0.02
9 7 3 204800 0.02
9 7 3 204800 0.02
9 7 3 204800 0.02
9 7 3 204800 0.02
9 7 3 204800 0.02
9 7 3 204800 0.02
9 7 3 204800 0.02
9 7 3 204800 0.02
9 7 3 204800 0.02
9 7 3 204800 0.02
9 7 3 204800 0.02
9 7 3 204800 0.02
9 7 3 204800 0.02
9 7 3 204800 0.02
9 7 3 204800 0.02
9 7 3 204800 0.02
9 7 3 204800 0.02
9 7 3 204800 0.02
9 7 3 204800 0.02
9 7 3 204800 0.02
9 7 3 204800 0.02
9 7 3 204800 0.02
9 7 3 204800 0.02
9 7 3 204800 0.02
9 7 3 204800 0.02
10 7 3 204800 0.02
10 7 3 204800 0.02
10 7 3 204800 0.02
10 7 3 204800 0.02
10 7 3 204800 0.02
10 7 3 204800 0.02
10 7 3 204800 0.02
10 7 3 204800 0.02
10 7 3 204800 0.02
10 7 3 204800 0.02
10 7 3 204800 0.02
10 7 3 204800 0.02
10 7 3 204800 0.02
10 7 3 204800 0.02
10 7 3 204800 0.02
10 7 3 204800 0.02
10 7 3 204800 0.02
10 7 3 204800 0.02
10 7 3 204800 0.02
10 7 3 204800 0.02
10 7 3 204800 0.02
10 7 3 204800 0.02
10 7 3 204800 0.02
10 7 3 204800 0.02
10 7 3 204800 0.02
10 7 3 204800 0.02
10 7 3 204800 0.02
10 7 3 204800 0.02
10 7 3 204800 0.02
10 7 3 204800 0.02
10 7 3 204800 0.02
10 7 3 204800 0.02
10 7 3 204800 0.02
10 7 3 204800 0.02
10 7 3 204800 0.02
10 7 3 204800 0.02
10 7 3 204800 0.02
10 7 3 204800 0.02
10 7 3 204800 0.02
10 7 3 204800 0.02
10 7 3 204800 0.02
10 7 3 204800 0.02
11 7 3 204800 0.02
11 7 3 204800 0.02
11 7 3 204800 0.02
11 7 3 204800 0.02
11 7 3 204800 0.02
11 7 3 204800 0.02
11 7 3 204800 0.02
11 7 3 204800 0.02
11 7 3 204800 0.02
11 7 3 204800 0.02
11 7 3 204800 0.02
11 7 3 204800 0.02
11 7 3 204800 0.02
11 7 3 204800 0.02
11 7 3 204800 0.02
11 7 3 204800 0.02
11 7 3 204800 0.02
11 7 3 204800 0.02
11 7 3 204800 0.02
11 7 3 204800 0.02
11 7 3 204800 0.02
11 7 3 204800 0.02
11 7 3 204800 0.02
11 7 3 204800 0.02
11 7 3 204800 0.02
11 7 3 204800 0.02
11 7 3 204800 0.02
11 7 3 204800 0.02
11 7 3 204800 0.02
11 7 3 204800 0.02
11 7 3 204800 0.02
11 7 3 204800 0.02
11 7 3 204800 0.02
11 7 3 204800 0.02
11 7 3 204800 0.02
11 7 3 204800 0.02
11 7 3 204800 0.02
11 7 3 204800 0.02
11 7 3 204800 0.02
11 7 3 204800 0.02
11 7 3 204800 0.02
11 7 3 204800 0.02
12 7 3 204800 0.02
12 7 3 204800 0.02
12 7 3 204800 0.02
12 7 3 204800 0.02
12 7 3 204800 0.02
12 7 3 204800 0.02
12 7 3 204800 0.02
12 7 3 204800 0.02
12 7 3 204800 0.02
12 7 3 204800 0.02
12 7 3 204800 0.02
12 7 3 204800 0.02
12 7 3 204800 0.02
12 7 3 204800 0.02
12 7 3 204800 0.02
12 7 3 204800 0.02
12 7 3 204800 0.02
12 7 3 204800 0.02
12 7 3 204800 0.02
12 7 3 204800 0.02
12 7 3 204800 0.02
12 7 3 204800 0.02
12 7 3 204800 0.02
12 7 3 204800 0.02
12 7 3 204800 0.02
12 7 3 204800 0.02
12 7 3 204800 0.02
12 7 3 204800 0.02
12 7 3 204800 0.02
12 7 3 204800 0.02
12 7 3 204800 0.02
12 7 3 204800 0.02
12 7 3 204800 0.02
12 7 3 204800 0.02
12 7 3 204800 0.02
12 7 3 204800 0.02
12 7 3 204800 0.02
12 7 3 204800 0.02
12 7 3 204800 0.02
12 7 3 204800 0.02
12 7 3 204800 0.02
12 7 3 204800 0.02
13 7 3 204800 0.02
13 7 3 204800 0.02
13 7 3 204800 0.02
13 7 3 204800 0.02
13 7 3 204800 0.02
13 7 3 204800 0.02
13 7 3 204800 0.02
13 7 3 204800 0.02
13 7 3 204800 0.02
13 7 3 204800 0.02
13 7 3 204800 0.02
13 7 3 204800 0.02
13 7 3 204800 0.02
13 7 3 204800 0.02
13 7 3 204800 0.02
13 7 3 204800 0.02
13 7 3 204800 0.02
13 7 3 204800 0.02
13 7 3 204800 0.02
13 7 3 204800 0.02
13 7 3 204800 0.02
13 7 3 204800 0.02
13 7 3 204800 0.02
13 7 3 204800 0.02
13 7 3 204800 0.02
13 7 3 204800 0.02
13 7 3 204800 0.02
13 7 3 204800 0.02
13 7 3 204800 0.02
13 7 3 204800 0.02
13 7 3 204800 0.02
13 7 3 204800 0.02
13 7 3 204800 0.02
13 7 3 204800 0.02
13 7 3 204800 0.02
13 7 3 204800 0.02
13 7 3 204800 0.02
13 7 3 204800 0.02
13 7 3 204800 0.02
13 7 3 204800 0.02
13 7 3 204800 0.02
13 7 3 204800 0.02
14 7 3 204800 0.02
14 7 3 204800 0.02
14 7 3 204800 0.02
14 7 3 204800 0.02
14 7 3 204800 0.02
14 7 3 204800 0.02
14 7 3 204800 0.02
14 7 3 204800 0.02
14 7 3 204800 0.02
14 7 3 204800 0.02
14 7 3 204800 0.02
14 7 3 204800 0.02
14 7 3 204800 0.02
14 7 3 204800 0.02
14 7 3 204800 0.02
14 7 3 204800 0.02
14 7 3 204800 0.02
14 7 3 204800 0.02
14 7 3 204800 0.02
14 7 3 204800 0.02
14 7 3 204800 0.02
14 7 3 204800 0.02
14 7 3 204800 0.02
14 7 3 204800 0.02
14 7 3 204800 0.02
14 7 3 204800 0.02
14 7 3 204800 0.02
14 7 3 204800 0.02
14 7 3 204800 0.02
14 7 3 204800 0.02
14 7 3 204800 0.02
14 7 3 204800 0.02
14 7 3 204800 0.02
14 7 3 204800 0.02
14 7 3 204800 0.02
14 7 3 204800 0.02
14 7 3 204800 0.02
14 7 3 204800 0.02
14 7 3 204800 0.02
14 7 3 204800 0.02
14 7 3 204800 0.02
14 7 3 204800 0.02
15 7 3 204800 0.02
15 7 3 204800 0.02
15 7 3 204800 0.02
15 7 3 204800 0.02
15 7 3 204800 0.02
15 7 3 204800 0.02
15 7 3 204800 0.02
15 7 3 204800 0.02
15 7 3 204800 0.02
15 7 3 204800 0.02
15 7 3 204800 0.02
15 7 3 204800 0.02
15 7 3 204800 0.02
15 7 3 204800 0.02
15 7 3 204800 0.02
15 7 3 204800 0.02
15 7 3 204800 0.02
15 7 3 204800 0.02
15 7 3 204800 0.02
15 7 3 204800 0.02
15 7 3 204800 0.02
15 7 3 204800 0.02
15 7 3 204800 0.02
15 7 3 204800 0.02
15 7 3 204800 0.02
15 7 3 204800 0.02
15 7 3 204800 0.02
15 7 3 204800 0.02
15 7 3 204800 0.02
15 7 3 204800 0.02
15 7 3 204800 0.02
15 7 3 204800 0.02
15 7 3 204800 0.02
15 7 3 204800 0.02
15 7 3 204800 0.02
15 7 3 204800 0.02
15 7 3 204800 0.02
15 7 3 204800 0.02
15 7 3 204800 0.02
15 7 3 204800 0.02
15 7 3 204800 0.02
15 7 3 204800 0.02
16 7 3 204800 0.02
16 7 3 204800 0.02
16 7 3 204800 0.02
16 7 3 204800 0.02
16 7 3 204800 0.02
16 7 3 204800 0.02
16 7 3 204800 0.02
16 7 3 204800 0.02
16 7 3 204800 0.02
16 7 3 204800 0.02
16 7 3 204800 0.02
16 7 3 204800 0.02
16 7 3 204800 0.02
16 7 3 204800 0.02
16 7 3 204800 0.02
16 7 3 204800 0.02
16 7 3 204800 0.02
16 7 3 204800 0.02
16 7 3 204800 0.02
16 7 3 204800 0.02
16 7 3 204800 0.02
16 7 3 204800 0.02
16 7 3 204800 0.02
16 7 3 204800 0.02
16 7 3 204800 0.02
16 7 3 204800 0.02
16 7 3 204800 0.02
16 7 3 204800 0.02
16 7 3 204800 0.02
16 7 3 204800 0.02
16 7 3 204800 0.02
16 7 3 204800 0.02
16 7 3 204800 0.02
16 7 3 204800 0.02
16 7 3 204800 0.02
16 7 3 204800 0.02
16 7 3 204800 0.02
16 7 3 204800 0.02
16 7 3 204800 0.02
16 7 3 204800 0.02
16 7 3 204800 0.02
16 7 3 204800 0.02
17 7 3 204800 0.02
17 7 3 204800 0.02
17 7 3 204800 0.02
17 7 3 204800 0.02
17 7 3 204800 0.02
17 7 3 204800 0.02
17 7 3 204800 0.02
17 7 3 204800 0.02
17 7 3 204800 0.02
17 7 3 204800 0.02
17 7 3 204800 0.02
17 7 3 204800 0.02
17 7 3 204800 0.02
17 7 3 204800 0.02
17 7 3 204800 0.02
17 7 3 204800 0.02
17 7 3 204800 0.02
17 7 3 204800 0.02
17 7 3 204800 0.02
17 7 3 204800 0.02
17 7 3 204800 0.02
17 7 3 204800 0.02
17 7 3 204800 0.02
17 7 3 204800 0.02
17 7 3 204800 0.02
17 7 3 204800 0.02
17 7 3 204800 0.02
17 7 3 204800 0.02
17 7 3 204800 0.02
17 7 3 204800 0.02
17 7 3 204800 0.02
17 7 3 204800 0.02
17 7 3 204800 0.02
17 7 3 204800 0.02
17 7 3 204800 0.02
17 7 3 204800 0.02
17 7 3 204800 0.02
17 7 3 204800 0.02
17 7 3 204800 0.02
17 7 3 204800 0.02
17 7 3 204800 0.02
17 7 3 204800 0.02
18 7 3 204800 0.02
18 7 3 204800 0.02
18 7 3 204800 0.02
18 7 3 204800 0.02
18 7 3 204800 0.02
18 7 3 204800 0.02
18 7 3 204800 0.02
18 7 3 204800 0.02
18 7 3 204800 0.02
18 7 3 204800 0.02
18 7 3 204800 0.02
18 7 3 204800 0.02
18 7 3 204800 0.02
18 7 3 204800 0.02
18 7 3 204800 0.02
18 7 3 204800 0.02
18 7 3 204800 0.02
18 7 3 204800 0.02
18 7 3 204800 0.02
18 7 3 204800 0.02
18 7 3 204800 0.02
18 7 3 204800 0.02
18 7 3 204800 0.02
18 7 3 204800 0.02
18 7 3 204800 0.02
18 7 3 204800 0.02
18 7 3 204800 0.02
18 7 3 204800 0.02
18 7 3 204800 0.02
18 7 3 204800 0.02
18 7 3 204800 0.02
18 7 3 204800 0.02
18 7 3 204800 0.02
18 7 3 204800 0.02
18 7 3 204800 0.02
18 7 3 204800 0.02
18 7 3 204800 0.02
18 7 3 204800 0.02
18 7 3 204800 0.02
18 7 3 204800 0.02
18 7 3 204800 0.02
18 7 3 204800 0.02
19 7 3 204800 0.02
19 7 3 204800 0.02
19 7 3 204800 0.02
19 7 3 204800 0.02
19 7 3 204800 0.02
19 7 3 204800 0.02
19 7 3 204800 0.02
19 7 3 204800 0.02
19 7 3 204800 0.02
19 7 3 204800 0.02
19 7 3 204800 0.02
19 7 3 204800 0.02
19 7 3 204800 0.02
19 7 3 204800 0.02
19 7 3 204800 0.02
19 7 3 204800 0.02
19 7 3 204800 0.02
19 7 3 204800 0.02
19 7 3 204800 0.02
19 7 3 204800 0.02
19 7 3 204800 0.02
19 7 3 204800 0.02
19 7 3 204800 0.02
19 7 3 204800 0.02
19 7 3 204800 0.02
19 7 3 204800 0.02
19 7 3 204800 0.02
19 7 3 204800 0.02
19 7 3 204800 0.02
19 7 3 204800 0.02
19 7 3 204800 0.02
19 7 3 204800 0.02
19 7 3 204800 0.02
19 7 3 204800 0.02
19 7 3 204800 0.02
19 7 3 204800 0.02
19 7 3 204800 0.02
19 7 3 204800 0.02
19 7 3 204800 0.02
19 7 3 204800 0.02
19 7 3 204800 0.02
19 7 3 204800 0.02
20 7 3 204800 0.02
20 7 3 204800 0.02
20 7 3 204800 0.02
20 7 3 204800 0.02
20 7 3 204800 0.02
20 7 3 204800 0.02
20 7 3 204800 0.02
20 7 3 204800 0.02
20 7 3 204800 0.02
20 7 3 204800 0.02
20 7 3 204800 0.02
20 7 3 204800 0.02
20 7 3 204800 0.02
20 7 3 204800 0.02
20 7 3 204800 0.02
20 7 3 204800 0.02
20 7 3 204800 0.02
20 7 3 204800 0.02
20 7 3 204800 0.02
20 7 3 204800 0.02
20 7 3 204800 0.02
20 7 3 204800 0.02
20 7 3 204800 0.02
20 7 3 204800 0.02
20 7 3 204800 0.02
20 7 3 204800 0.02
20 7 3 204800 0.02
20 7 3 204800 0.02
20 7 3 204800 0.02
20 7 3 204800 0.02
20 7 3 204800 0.02
20 7 3 204800 0.02
20 7 3 204800 0.02
20 7 3 204800 0.02
20 7 3 204800 0.02
20 7 3 204800 0.02
20 7 3 204800 0.02
20 7 3 204800 0.02
20 7 3 204800 0.02
20 7 3 204800 0.02
20 7 3 204800 0.02
20 7 3 204800 0.02
21 7 3 204800 0.02
21 7 3 204800 0.02
21 7 3 204800 0.02
21 7 3 204800 0.02
21 7 3 204800 0.02
21 7 3 204800 0.02
21 7 3 204800 0.02
21 7 3 204800 0.02
21 7 3 204800 0.02
21 7 3 204800 0.02
21 7 3 204800 0.02
21 7 3 204800 0.02
21 7 3 204800 0.02
21 7 3 204800 0.02
21 7 3 204800 0.02
21 7 3 204800 0.02
21 7 3 204800 0.02
21 7 3 204800 0.02
21 7 3 204800 0.02
21 7 3 204800 0.02
21 7 3 204800 0.02
21 7 3 204800 0.02
21 7 3 204800 0.02
21 7 3 204800 0.02
21 7 3 204800 0.02
21 7 3 204800 0.02
21 7 3 204800 0.02
21 7 3 204800 0.02
21 7 3 204800 0.02
21 7 3 204800 0.02
21 7 3 204800 0.02
21 7 3 204800 0.02
21 7 3 204800 0.02
21 7 3 204800 0.02
21 7 3 204800 0.02
21 7 3 204800 0.02
21 7 3 204800 0.02
21 7 3 204800 0.02
21 7 3 204800 0.02
21 7 3 204800 0.02
21 7 3 204800 0.02
21 7 3 204800 0.02
1 7 3 204800 0.03
1 7 3 204800 0.03
1 7 3 204800 0.03
1 7 3 204800 0.03
1 7 3 204800 0.03
1 7 3 204800 0.03
1 7 3 204800 0.03
1 7 3 204800 0.03
1 7 3 204800 0.03
1 7 3 204800 0.03
1 7 3 204800 0.03
1 7 3 204800 0.03
1 7 3 204800 0.03
1 7 3 204800 0.03
1 7 3 204800 0.03
1 7 3 204800 0.03
1 7 3 204800 0.03
1 7 3 204800 0.03
1 7 3 204800 0.03
1 7 3 204800 0.03
1 7 3 204800 0.03
1 7 3 204800 0.03
1 7 3 204800 0.03
1 7 3 204800 0.03
1 7 3 204800 0.03
1 7 3 204800 0.03
1 7 3 204800 0.03
1 7 3 204800 0.03
1 7 3 204800 0.03
1 7 3 204800 0.03
1 7 3 204800 0.03
1 7 3 204800 0.03
1 7 3 204800 0.03
1 7 3 204800 0.03
1 7 3 204800 0.03
1 7 3 204800 0.03
1 7 3 204800 0.03
1 7 3 204800 0.03
1 7 3 204800 0.03
1 7 3 204800 0.03
1 7 3 204800 0.03
1 7 3 204800 0.03
8 7 3 204800 0.03
8 7 3 204800 0.03
8 7 3 204800 0.03
8 7 3 204800 0.03
8 7 3 204800 0.03
8 7 3 204800 0.03
8 7 3 204800 0.03
8 7 3 204800 0.03
8 7 3 204800 0.03
8 7 3 204800 0.03
8 7 3 204800 0.03
8 7 3 204800 0.03
8 7 3 204800 0.03
8 7 3 204800 0.03
8 7 3 204800 0.03
8 7 3 204800 0.03
8 7 3 204800 0.03
8 7 3 204800 0.03
8 7 3 204800 0.03
8 7 3 204800 0.03
8 7 3 204800 0.03
8 7 3 204800 0.03
8 7 3 204800 0.03
8 7 3 204800 0.03
8 7 3 204800 0.03
8 7 3 204800 0.03
8 7 3 204800 0.03
8 7 3 204800 0.03
8 7 3 204800 0.03
8 7 3 204800 0.03
8 7 3 204800 0.03
8 7 3 204800 0.03
8 7 3 204800 0.03
8 7 3 204800 0.03
8 7 3 204800 0.03
8 7 3 204800 0.03
8 7 3 204800 0.03
8 7 3 204800 0.03
8 7 3 204800 0.03
8 7 3 204800 0.03
8 7 3 204800 0.03
8 7 3 204800 0.03
9 7 3 204800 0.03
9 7 3 204800 0.03
9 7 3 204800 0.03
9 7 3 204800 0.03
9 7 3 204800 0.03
9 7 3 204800 0.03
9 7 3 204800 0.03
9 7 3 204800 0.03
9 7 3 204800 0.03
9 7 3 204800 0.03
9 7 3 204800 0.03
9 7 3 204800 0.03
9 7 3 204800 0.03
9 7 3 204800 0.03
9 7 3 204800 0.03
9 7 3 204800 0.03
9 7 3 204800 0.03
9 7 3 204800 0.03
9 7 3 204800 0.03
9 7 3 204800 0.03
9 7 3 204800 0.03
9 7 3 204800 0.03
9 7 3 204800 0.03
9 7 3 204800 0.03
9 7 3 204800 0.03
9 7 3 204800 0.03
9 7 3 204800 0.03
9 7 3 204800 0.03
9 7 3 204800 0.03
9 7 3 204800 0.03
9 7 3 204800 0.03
9 7 3 204800 0.03
9 7 3 204800 0.03
9 7 3 204800 0.03
9 7 3 204800 0.03
9 7 3 204800 0.03
9 7 3 204800 0.03
9 7 3 204800 0.03
9 7 3 204800 0.03
9 7 3 204800 0.03
9 7 3 204800 0.03
9 7 3 204800 0.03
10 7 3 204800 0.03
10 7 3 204800 0.03
10 7 3 204800 0.03
10 7 3 204800 0.03
10 7 3 204800 0.03
10 7 3 204800 0.03
10 7 3 204800 0.03
10 7 3 204800 0.03
10 7 3 204800 0.03
10 7 3 204800 0.03
10 7 3 204800 0.03
10 7 3 204800 0.03
10 7 3 204800 0.03
10 7 3 204800 0.03
10 7 3 204800 0.03
10 7 3 204800 0.03
10 7 3 204800 0.03
10 7 3 204800 0.03
10 7 3 204800 0.03
10 7 3 204800 0.03
10 7 3 204800 0.03
10 7 3 204800 0.03
10 7 3 204800 0.03
10 7 3 204800 0.03
10 7 3 204800 0.03
10 7 3 204800 0.03
10 7 3 204800 0.03
10 7 3 204800 0.03
10 7 3 204800 0.03
10 7 3 204800 0.03
10 7 3 204800 0.03
10 7 3 204800 0.03
10 7 3 204800 0.03
10 7 3 204800 0.03
10 7 3 204800 0.03
10 7 3 204800 0.03
10 7 3 204800 0.03
10 7 3 204800 0.03
10 7 3 204800 0.03
10 7 3 204800 0.03
10 7 3 204800 0.03
10 7 3 204800 0.03
11 7 3 204800 0.03
11 7 3 204800 0.03
11 7 3 204800 0.03
11 7 3 204800 0.03
11 7 3 204800 0.03
11 7 3 204800 0.03
11 7 3 204800 0.03
11 7 3 204800 0.03
11 7 3 204800 0.03
11 7 3 204800 0.03
11 7 3 204800 0.03
11 7 3 204800 0.03
11 7 3 204800 0.03
11 7 3 204800 0.03
11 7 3 204800 0.03
11 7 3 204800 0.03
11 7 3 204800 0.03
11 7 3 204800 0.03
11 7 3 204800 0.03
11 7 3 204800 0.03
11 7 3 204800 0.03
11 7 3 204800 0.03
11 7 3 204800 0.03
11 7 3 204800 0.03
11 7 3 204800 0.03
11 7 3 204800 0.03
11 7 3 204800 0.03
11 7 3 204800 0.03
11 7 3 204800 0.03
11 7 3 204800 0.03
11 7 3 204800 0.03
11 7 3 204800 0.03
11 7 3 204800 0.03
11 7 3 204800 0.03
11 7 3 204800 0.03
11 7 3 204800 0.03
11 7 3 204800 0.03
11 7 3 204800 0.03
11 7 3 204800 0.03
11 7 3 204800 0.03
11 7 3 204800 0.03
11 7 3 204800 0.03
12 7 3 204800 0.03
12 7 3 204800 0.03
12 7 3 204800 0.03
12 7 3 204800 0.03
12 7 3 204800 0.03
12 7 3 204800 0.03
12 7 3 204800 0.03
12 7 3 204800 0.03
12 7 3 204800 0.03
12 7 3 204800 0.03
12 7 3 204800 0.03
12 7 3 204800 0.03
12 7 3 204800 0.03
12 7 3 204800 0.03
12 7 3 204800 0.03
12 7 3 204800 0.03
12 7 3 204800 0.03
12 7 3 204800 0.03
12 7 3 204800 0.03
12 7 3 204800 0.03
12 7 3 204800 0.03
12 7 3 204800 0.03
12 7 3 204800 0.03
12 7 3 204800 0.03
12 7 3 204800 0.03
12 7 3 204800 0.03
12 7 3 204800 0.03
12 7 3 204800 0.03
12 7 3 204800 0.03
12 7 3 204800 0.03
12 7 3 204800 0.03
12 7 3 204800 0.03
12 7 3 204800 0.03
12 7 3 204800 0.03
12 7 3 204800 0.03
12 7 3 204800 0.03
12 7 3 204800 0.03
12 7 3 204800 0.03
12 7 3 204800 0.03
12 7 3 204800 0.03
12 7 3 204800 0.03
12 7 3 204800 0.03
13 7 3 204800 0.03
13 7 3 204800 0.03
13 7 3 204800 0.03
13 7 3 204800 0.03
13 7 3 204800 0.03
13 7 3 204800 0.03
13 7 3 204800 0.03
13 7 3 204800 0.03
13 7 3 204800 0.03
13 7 3 204800 0.03
13 7 3 204800 0.03
13 7 3 204800 0.03
13 7 3 204800 0.03
13 7 3 204800 0.03
13 7 3 204800 0.03
13 7 3 204800 0.03
13 7 3 204800 0.03
13 7 3 204800 0.03
13 7 3 204800 0.03
13 7 3 204800 0.03
13 7 3 204800 0.03
13 7 3 204800 0.03
13 7 3 204800 0.03
13 7 3 204800 0.03
13 7 3 204800 0.03
13 7 3 204800 0.03
13 7 3 204800 0.03
13 7 3 204800 0.03
13 7 3 204800 0.03
13 7 3 204800 0.03
13 7 3 204800 0.03
13 7 3 204800 0.03
13 7 3 204800 0.03
13 7 3 204800 0.03
13 7 3 204800 0.03
13 7 3 204800 0.03
13 7 3 204800 0.03
13 7 3 204800 0.03
13 7 3 204800 0.03
13 7 3 204800 0.03
13 7 3 204800 0.03
13 7 3 204800 0.03
14 7 3 204800 0.03
14 7 3 204800 0.03
14 7 3 204800 0.03
14 7 3 204800 0.03
14 7 3 204800 0.03
14 7 3 204800 0.03
14 7 3 204800 0.03
14 7 3 204800 0.03
14 7 3 204800 0.03
14 7 3 204800 0.03
14 7 3 204800 0.03
14 7 3 204800 0.03
14 7 3 204800 0.03
14 7 3 204800 0.03
14 7 3 204800 0.03
14 7 3 204800 0.03
14 7 3 204800 0.03
14 7 3 204800 0.03
14 7 3 204800 0.03
14 7 3 204800 0.03
14 7 3 204800 0.03
14 7 3 204800 0.03
14 7 3 204800 0.03
14 7 3 204800 0.03
14 7 3 204800 0.03
14 7 3 204800 0.03
14 7 3 204800 0.03
14 7 3 204800 0.03
14 7 3 204800 0.03
14 7 3 204800 0.03
14 7 3 204800 0.03
14 7 3 204800 0.03
14 7 3 204800 0.03
14 7 3 204800 0.03
14 7 3 204800 0.03
14 7 3 204800 0.03
14 7 3 204800 0.03
14 7 3 204800 0.03
14 7 3 204800 0.03
14 7 3 204800 0.03
14 7 3 204800 0.03
14 7 3 204800 0.03
15 7 3 204800 0.03
15 7 3 204800 0.03
15 7 3 204800 0.03
15 7 3 204800 0.03
15 7 3 204800 0.03
15 7 3 204800 0.03
15 7 3 204800 0.03
15 7 3 204800 0.03
15 7 3 204800 0.03
15 7 3 204800 0.03
15 7 3 204800 0.03
15 7 3 204800 0.03
15 7 3 204800 0.03
15 7 3 204800 0.03
15 7 3 204800 0.03
15 7 3 204800 0.03
15 7 3 204800 0.03
15 7 3 204800 0.03
15 7 3 204800 0.03
15 7 3 204800 0.03
15 7 3 204800 0.03
15 7 3 204800 0.03
15 7 3 204800 0.03
15 7 3 204800 0.03
15 7 3 204800 0.03
15 7 3 204800 0.03
15 7 3 204800 0.03
15 7 3 204800 0.03
15 7 3 204800 0.03
15 7 3 204800 0.03
15 7 3 204800 0.03
15 7 3 204800 0.03
15 7 3 204800 0.03
15 7 3 204800 0.03
15 7 3 204800 0.03
15 7 3 204800 0.03
15 7 3 204800 0.03
15 7 3 204800 0.03
15 7 3 204800 0.03
15 7 3 204800 0.03
15 7 3 204800 0.03
15 7 3 204800 0.03
16 7 3 204800 0.03
16 7 3 204800 0.03
16 7 3 204800 0.03
16 7 3 204800 0.03
16 7 3 204800 0.03
16 7 3 204800 0.03
16 7 3 204800 0.03
16 7 3 204800 0.03
16 7 3 204800 0.03
16 7 3 204800 0.03
16 7 3 204800 0.03
16 7 3 204800 0.03
16 7 3 204800 0.03
16 7 3 204800 0.03
16 7 3 204800 0.03
16 7 3 204800 0.03
16 7 3 204800 0.03
16 7 3 204800 0.03
16 7 3 204800 0.03
16 7 3 204800 0.03
16 7 3 204800 0.03
16 7 3 204800 0.03
16 7 3 204800 0.03
16 7 3 204800 0.03
16 7 3 204800 0.03
16 7 3 204800 0.03
16 7 3 204800 0.03
16 7 3 204800 0.03
16 7 3 204800 0.03
16 7 3 204800 0.03
16 7 3 204800 0.03
16 7 3 204800 0.03
16 7 3 204800 0.03
16 7 3 204800 0.03
16 7 3 204800 0.03
16 7 3 204800 0.03
16 7 3 204800 0.03
16 7 3 204800 0.03
16 7 3 204800 0.03
16 7 3 204800 0.03
16 7 3 204800 0.03
16 7 3 204800 0.03
17 7 3 204800 0.03
17 7 3 204800 0.03
17 7 3 204800 0.03
17 7 3 204800 0.03
17 7 3 204800 0.03
17 7 3 204800 0.03
17 7 3 204800 0.03
17 7 3 204800 0.03
17 7 3 204800 0.03
17 7 3 204800 0.03
17 7 3 204800 0.03
17 7 3 204800 0.03
17 7 3 204800 0.03
17 7 3 204800 0.03
17 7 3 204800 0.03
17 7 3 204800 0.03
17 7 3 204800 0.03
17 7 3 204800 0.03
17 7 3 204800 0.03
17 7 3 204800 0.03
17 7 3 204800 0.03
17 7 3 204800 0.03
17 7 3 204800 0.03
17 7 3 204800 0.03
17 7 3 204800 0.03
17 7 3 204800 0.03
17 7 3 204800 0.03
17 7 3 204800 0.03
17 7 3 204800 0.03
17 7 3 204800 0.03
17 7 3 204800 0.03
17 7 3 204800 0.03
17 7 3 204800 0.03
17 7 3 204800 0.03
17 7 3 204800 0.03
17 7 3 204800 0.03
17 7 3 204800 0.03
17 7 3 204800 0.03
17 7 3 204800 0.03
17 7 3 204800 0.03
17 7 3 204800 0.03
17 7 3 204800 0.03
18 7 3 204800 0.03
18 7 3 204800 0.03
18 7 3 204800 0.03
18 7 3 204800 0.03
18 7 3 204800 0.03
18 7 3 204800 0.03
18 7 3 204800 0.03
18 7 3 204800 0.03
18 7 3 204800 0.03
18 7 3 204800 0.03
18 7 3 204800 0.03
18 7 3 204800 0.03
18 7 3 204800 0.03
18 7 3 204800 0.03
18 7 3 204800 0.03
18 7 3 204800 0.03
18 7 3 204800 0.03
18 7 3 204800 0.03
18 7 3 204800 0.03
18 7 3 204800 0.03
18 7 3 204800 0.03
18 7 3 204800 0.03
18 7 3 204800 0.03
18 7 3 204800 0.03
18 7 3 204800 0.03
18 7 3 204800 0.03
18 7 3 204800 0.03
18 7 3 204800 0.03
18 7 3 204800 0.03
18 7 3 204800 0.03
18 7 3 204800 0.03
18 7 3 204800 0.03
18 7 3 204800 0.03
18 7 3 204800 0.03
18 7 3 204800 0.03
18 7 3 204800 0.03
18 7 3 204800 0.03
18 7 3 204800 0.03
18 7 3 204800 0.03
18 7 3 204800 0.03
18 7 3 204800 0.03
18 7 3 204800 0.03
19 7 3 204800 0.03
19 7 3 204800 0.03
19 7 3 204800 0.03
19 7 3 204800 0.03
19 7 3 204800 0.03
19 7 3 204800 0.03
19 7 3 204800 0.03
19 7 3 204800 0.03
19 7 3 204800 0.03
19 7 3 204800 0.03
19 7 3 204800 0.03
19 7 3 204800 0.03
19 7 3 204800 0.03
19 7 3 204800 0.03
19 7 3 204800 0.03
19 7 3 204800 0.03
19 7 3 204800 0.03
19 7 3 204800 0.03
19 7 3 204800 0.03
19 7 3 204800 0.03
19 7 3 204800 0.03
19 7 3 204800 0.03
19 7 3 204800 0.03
19 7 3 204800 0.03
19 7 3 204800 0.03
19 7 3 204800 0.03
19 7 3 204800 0.03
19 7 3 204800 0.03
19 7 3 204800 0.03
19 7 3 204800 0.03
19 7 3 204800 0.03
19 7 3 204800 0.03
19 7 3 204800 0.03
19 7 3 204800 0.03
19 7 3 204800 0.03
19 7 3 204800 0.03
19 7 3 204800 0.03
19 7 3 204800 0.03
19 7 3 204800 0.03
19 7 3 204800 0.03
19 7 3 204800 0.03
19 7 3 204800 0.03
20 7 3 204800 0.03
20 7 3 204800 0.03
20 7 3 204800 0.03
20 7 3 204800 0.03
20 7 3 204800 0.03
20 7 3 204800 0.03
20 7 3 204800 0.03
20 7 3 204800 0.03
20 7 3 204800 0.03
20 7 3 204800 0.03
20 7 3 204800 0.03
20 7 3 204800 0.03
20 7 3 204800 0.03
20 7 3 204800 0.03
20 7 3 204800 0.03
20 7 3 204800 0.03
20 7 3 204800 0.03
20 7 3 204800 0.03
20 7 3 204800 0.03
20 7 3 204800 0.03
20 7 3 204800 0.03
20 7 3 204800 0.03
20 7 3 204800 0.03
20 7 3 204800 0.03
20 7 3 204800 0.03
20 7 3 204800 0.03
20 7 3 204800 0.03
20 7 3 204800 0.03
20 7 3 204800 0.03
20 7 3 204800 0.03
20 7 3 204800 0.03
20 7 3 204800 0.03
20 7 3 204800 0.03
20 7 3 204800 0.03
20 7 3 204800 0.03
20 7 3 204800 0.03
20 7 3 204800 0.03
20 7 3 204800 0.03
20 7 3 204800 0.03
20 7 3 204800 0.03
20 7 3 204800 0.03
20 7 3 204800 0.03
21 7 3 204800 0.03
21 7 3 204800 0.03
21 7 3 204800 0.03
21 7 3 204800 0.03
21 7 3 204800 0.03
21 7 3 204800 0.03
21 7 3 204800 0.03
21 7 3 204800 0.03
21 7 3 204800 0.03
21 7 3 204800 0.03
21 7 3 204800 0.03
21 7 3 204800 0.03
21 7 3 204800 0.03
21 7 3 204800 0.03
21 7 3 204800 0.03
21 7 3 204800 0.03
21 7 3 204800 0.03
21 7 3 204800 0.03
21 7 3 204800 0.03
21 7 3 204800 0.03
21 7 3 204800 0.03
21 7 3 204800 0.03
21 7 3 204800 0.03
21 7 3 204800 0.03
21 7 3 204800 0.03
21 7 3 204800 0.03
21 7 3 204800 0.03
21 7 3 204800 0.03
21 7 3 204800 0.03
21 7 3 204800 0.03
21 7 3 204800 0.03
21 7 3 204800 0.03
21 7 3 204800 0.03
21 7 3 204800 0.03
21 7 3 204800 0.03
21 7 3 204800 0.03
21 7 3 204800 0.03
21 7 3 204800 0.03
21 7 3 204800 0.03
21 7 3 204800 0.03
21 7 3 204800 0.03
21 7 3 204800 0.03
1 7 3 204800 0.04
1 7 3 204800 0.04
1 7 3 204800 0.04
1 7 3 204800 0.04
1 7 3 204800 0.04
1 7 3 204800 0.04
1 7 3 204800 0.04
1 7 3 204800 0.04
1 7 3 204800 0.04
1 7 3 204800 0.04
1 7 3 204800 0.04
1 7 3 204800 0.04
1 7 3 204800 0.04
1 7 3 204800 0.04
1 7 3 204800 0.04
1 7 3 204800 0.04
1 7 3 204800 0.04
1 7 3 204800 0.04
1 7 3 204800 0.04
1 7 3 204800 0.04
1 7 3 204800 0.04
1 7 3 204800 0.04
1 7 3 204800 0.04
1 7 3 204800 0.04
1 7 3 204800 0.04
1 7 3 204800 0.04
1 7 3 204800 0.04
1 7 3 204800 0.04
1 7 3 204800 0.04
1 7 3 204800 0.04
1 7 3 204800 0.04
1 7 3 204800 0.04
1 7 3 204800 0.04
1 7 3 204800 0.04
1 7 3 204800 0.04
1 7 3 204800 0.04
1 7 3 204800 0.04
1 7 3 204800 0.04
1 7 3 204800 0.04
1 7 3 204800 0.04
1 7 3 204800 0.04
1 7 3 204800 0.04
8 7 3 204800 0.04
8 7 3 204800 0.04
8 7 3 204800 0.04
8 7 3 204800 0.04
8 7 3 204800 0.04
8 7 3 204800 0.04
8 7 3 204800 0.04
8 7 3 204800 0.04
8 7 3 204800 0.04
8 7 3 204800 0.04
8 7 3 204800 0.04
8 7 3 204800 0.04
8 7 3 204800 0.04
8 7 3 204800 0.04
8 7 3 204800 0.04
8 7 3 204800 0.04
8 7 3 204800 0.04
8 7 3 204800 0.04
8 7 3 204800 0.04
8 7 3 204800 0.04
8 7 3 204800 0.04
8 7 3 204800 0.04
8 7 3 204800 0.04
8 7 3 204800 0.04
8 7 3 204800 0.04
8 7 3 204800 0.04
8 7 3 204800 0.04
8 7 3 204800 0.04
8 7 3 204800 0.04
8 7 3 204800 0.04
8 7 3 204800 0.04
8 7 3 204800 0.04
8 7 3 204800 0.04
8 7 3 204800 0.04
8 7 3 204800 0.04
8 7 3 204800 0.04
8 7 3 204800 0.04
8 7 3 204800 0.04
8 7 3 204800 0.04
8 7 3 204800 0.04
8 7 3 204800 0.04
8 7 3 204800 0.04
9 7 3 204800 0.04
9 7 3 204800 0.04
9 7 3 204800 0.04
9 7 3 204800 0.04
9 7 3 204800 0.04
9 7 3 204800 0.04
9 7 3 204800 0.04
9 7 3 204800 0.04
9 7 3 204800 0.04
9 7 3 204800 0.04
9 7 3 204800 0.04
9 7 3 204800 0.04
9 7 3 204800 0.04
9 7 3 204800 0.04
9 7 3 204800 0.04
9 7 3 204800 0.04
9 7 3 204800 0.04
9 7 3 204800 0.04
9 7 3 204800 0.04
9 7 3 204800 0.04
9 7 3 204800 0.04
9 7 3 204800 0.04
9 7 3 204800 0.04
9 7 3 204800 0.04
9 7 3 204800 0.04
9 7 3 204800 0.04
9 7 3 204800 0.04
9 7 3 204800 0.04
9 7 3 204800 0.04
9 7 3 204800 0.04
9 7 3 204800 0.04
9 7 3 204800 0.04
9 7 3 204800 0.04
9 7 3 204800 0.04
9 7 3 204800 0.04
9 7 3 204800 0.04
9 7 3 204800 0.04
9 7 3 204800 0.04
9 7 3 204800 0.04
9 7 3 204800 0.04
9 7 3 204800 0.04
9 7 3 204800 0.04
10 7 3 204800 0.04
10 7 3 204800 0.04
10 7 3 204800 0.04
10 7 3 204800 0.04
10 7 3 204800 0.04
10 7 3 204800 0.04
10 7 3 204800 0.04
10 7 3 204800 0.04
10 7 3 204800 0.04
10 7 3 204800 0.04
10 7 3 204800 0.04
10 7 3 204800 0.04
10 7 3 204800 0.04
10 7 3 204800 0.04
10 7 3 204800 0.04
10 7 3 204800 0.04
10 7 3 204800 0.04
10 7 3 204800 0.04
10 7 3 204800 0.04
10 7 3 204800 0.04
10 7 3 204800 0.04
10 7 3 204800 0.04
10 7 3 204800 0.04
10 7 3 204800 0.04
10 7 3 204800 0.04
10 7 3 204800 0.04
10 7 3 204800 0.04
10 7 3 204800 0.04
10 7 3 204800 0.04
10 7 3 204800 0.04
10 7 3 204800 0.04
10 7 3 204800 0.04
10 7 3 204800 0.04
10 7 3 204800 0.04
10 7 3 204800 0.04
10 7 3 204800 0.04
10 7 3 204800 0.04
10 7 3 204800 0.04
10 7 3 204800 0.04
10 7 3 204800 0.04
10 7 3 204800 0.04
10 7 3 204800 0.04
11 7 3 204800 0.04
11 7 3 204800 0.04
11 7 3 204800 0.04
11 7 3 204800 0.04
11 7 3 204800 0.04
11 7 3 204800 0.04
11 7 3 204800 0.04
11 7 3 204800 0.04
11 7 3 204800 0.04
11 7 3 204800 0.04
11 7 3 204800 0.04
11 7 3 204800 0.04
11 7 3 204800 0.04
11 7 3 204800 0.04
11 7 3 204800 0.04
11 7 3 204800 0.04
11 7 3 204800 0.04
11 7 3 204800 0.04
11 7 3 204800 0.04
11 7 3 204800 0.04
11 7 3 204800 0.04
11 7 3 204800 0.04
11 7 3 204800 0.04
11 7 3 204800 0.04
11 7 3 204800 0.04
11 7 3 204800 0.04
11 7 3 204800 0.04
11 7 3 204800 0.04
11 7 3 204800 0.04
11 7 3 204800 0.04
11 7 3 204800 0.04
11 7 3 204800 0.04
11 7 3 204800 0.04
11 7 3 204800 0.04
11 7 3 204800 0.04
11 7 3 204800 0.04
11 7 3 204800 0.04
11 7 3 204800 0.04
11 7 3 204800 0.04
11 7 3 204800 0.04
11 7 3 204800 0.04
11 7 3 204800 0.04
12 7 3 204800 0.04
12 7 3 204800 0.04
12 7 3 204800 0.04
12 7 3 204800 0.04
12 7 3 204800 0.04
12 7 3 204800 0.04
12 7 3 204800 0.04
12 7 3 204800 0.04
12 7 3 204800 0.04
12 7 3 204800 0.04
12 7 3 204800 0.04
12 7 3 204800 0.04
12 7 3 204800 0.04
12 7 3 204800 0.04
12 7 3 204800 0.04
12 7 3 204800 0.04
12 7 3 204800 0.04
12 7 3 204800 0.04
12 7 3 204800 0.04
12 7 3 204800 0.04
12 7 3 204800 0.04
12 7 3 204800 0.04
12 7 3 204800 0.04
12 7 3 204800 0.04
12 7 3 204800 0.04
12 7 3 204800 0.04
12 7 3 204800 0.04
12 7 3 204800 0.04
12 7 3 204800 0.04
12 7 3 204800 0.04
12 7 3 204800 0.04
12 7 3 204800 0.04
12 7 3 204800 0.04
12 7 3 204800 0.04
12 7 3 204800 0.04
12 7 3 204800 0.04
12 7 3 204800 0.04
12 7 3 204800 0.04
12 7 3 204800 0.04
12 7 3 204800 0.04
12 7 3 204800 0.04
12 7 3 204800 0.04
13 7 3 204800 0.04
13 7 3 204800 0.04
13 7 3 204800 0.04
13 7 3 204800 0.04
13 7 3 204800 0.04
13 7 3 204800 0.04
13 7 3 204800 0.04
13 7 3 204800 0.04
13 7 3 204800 0.04
13 7 3 204800 0.04
13 7 3 204800 0.04
13 7 3 204800 0.04
13 7 3 204800 0.04
13 7 3 204800 0.04
13 7 3 204800 0.04
13 7 3 204800 0.04
13 7 3 204800 0.04
13 7 3 204800 0.04
13 7 3 204800 0.04
13 7 3 204800 0.04
13 7 3 204800 0.04
13 7 3 204800 0.04
13 7 3 204800 0.04
13 7 3 204800 0.04
13 7 3 204800 0.04
13 7 3 204800 0.04
13 7 3 204800 0.04
13 7 3 204800 0.04
13 7 3 204800 0.04
13 7 3 204800 0.04
13 7 3 204800 0.04
13 7 3 204800 0.04
13 7 3 204800 0.04
13 7 3 204800 0.04
13 7 3 204800 0.04
13 7 3 204800 0.04
13 7 3 204800 0.04
13 7 3 204800 0.04
13 7 3 204800 0.04
13 7 3 204800 0.04
13 7 3 204800 0.04
13 7 3 204800 0.04
14 7 3 204800 0.04
14 7 3 204800 0.04
14 7 3 204800 0.04
14 7 3 204800 0.04
14 7 3 204800 0.04
14 7 3 204800 0.04
14 7 3 204800 0.04
14 7 3 204800 0.04
14 7 3 204800 0.04
14 7 3 204800 0.04
14 7 3 204800 0.04
14 7 3 204800 0.04
14 7 3 204800 0.04
14 7 3 204800 0.04
14 7 3 204800 0.04
14 7 3 204800 0.04
14 7 3 204800 0.04
14 7 3 204800 0.04
14 7 3 204800 0.04
14 7 3 204800 0.04
14 7 3 204800 0.04
14 7 3 204800 0.04
14 7 3 204800 0.04
14 7 3 204800 0.04
14 7 3 204800 0.04
14 7 3 204800 0.04
14 7 3 204800 0.04
14 7 3 204800 0.04
14 7 3 204800 0.04
14 7 3 204800 0.04
14 7 3 204800 0.04
14 7 3 204800 0.04
14 7 3 204800 0.04
14 7 3 204800 0.04
14 7 3 204800 0.04
14 7 3 204800 0.04
14 7 3 204800 0.04
14 7 3 204800 0.04
14 7 3 204800 0.04
14 7 3 204800 0.04
14 7 3 204800 0.04
14 7 3 204800 0.04
15 7 3 204800 0.04
15 7 3 204800 0.04
15 7 3 204800 0.04
15 7 3 204800 0.04
15 7 3 204800 0.04
15 7 3 204800 0.04
15 7 3 204800 0.04
15 7 3 204800 0.04
15 7 3 204800 0.04
15 7 3 204800 0.04
15 7 3 204800 0.04
15 7 3 204800 0.04
15 7 3 204800 0.04
15 7 3 204800 0.04
15 7 3 204800 0.04
15 7 3 204800 0.04
15 7 3 204800 0.04
15 7 3 204800 0.04
15 7 3 204800 0.04
15 7 3 204800 0.04
15 7 3 204800 0.04
15 7 3 204800 0.04
15 7 3 204800 0.04
15 7 3 204800 0.04
15 7 3 204800 0.04
15 7 3 204800 0.04
15 7 3 204800 0.04
15 7 3 204800 0.04
15 7 3 204800 0.04
15 7 3 204800 0.04
15 7 3 204800 0.04
15 7 3 204800 0.04
15 7 3 204800 0.04
15 7 3 204800 0.04
15 7 3 204800 0.04
15 7 3 204800 0.04
15 7 3 204800 0.04
15 7 3 204800 0.04
15 7 3 204800 0.04
15 7 3 204800 0.04
15 7 3 204800 0.04
15 7 3 204800 0.04
16 7 3 204800 0.04
16 7 3 204800 0.04
16 7 3 204800 0.04
16 7 3 204800 0.04
16 7 3 204800 0.04
16 7 3 204800 0.04
16 7 3 204800 0.04
16 7 3 204800 0.04
16 7 3 204800 0.04
16 7 3 204800 0.04
16 7 3 204800 0.04
16 7 3 204800 0.04
16 7 3 204800 0.04
16 7 3 204800 0.04
16 7 3 204800 0.04
16 7 3 204800 0.04
16 7 3 204800 0.04
16 7 3 204800 0.04
16 7 3 204800 0.04
16 7 3 204800 0.04
16 7 3 204800 0.04
16 7 3 204800 0.04
16 7 3 204800 0.04
16 7 3 204800 0.04
16 7 3 204800 0.04
16 7 3 204800 0.04
16 7 3 204800 0.04
16 7 3 204800 0.04
16 7 3 204800 0.04
16 7 3 204800 0.04
16 7 3 204800 0.04
16 7 3 204800 0.04
16 7 3 204800 0.04
16 7 3 204800 0.04
16 7 3 204800 0.04
16 7 3 204800 0.04
16 7 3 204800 0.04
16 7 3 204800 0.04
16 7 3 204800 0.04
16 7 3 204800 0.04
16 7 3 204800 0.04
16 7 3 204800 0.04
17 7 3 204800 0.04
17 7 3 204800 0.04
17 7 3 204800 0.04
17 7 3 204800 0.04
17 7 3 204800 0.04
17 7 3 204800 0.04
17 7 3 204800 0.04
17 7 3 204800 0.04
17 7 3 204800 0.04
17 7 3 204800 0.04
17 7 3 204800 0.04
17 7 3 204800 0.04
17 7 3 204800 0.04
17 7 3 204800 0.04
17 7 3 204800 0.04
17 7 3 204800 0.04
17 7 3 204800 0.04
17 7 3 204800 0.04
17 7 3 204800 0.04
17 7 3 204800 0.04
17 7 3 204800 0.04
17 7 3 204800 0.04
17 7 3 204800 0.04
17 7 3 204800 0.04
17 7 3 204800 0.04
17 7 3 204800 0.04
17 7 3 204800 0.04
17 7 3 204800 0.04
17 7 3 204800 0.04
17 7 3 204800 0.04
17 7 3 204800 0.04
17 7 3 204800 0.04
17 7 3 204800 0.04
17 7 3 204800 0.04
17 7 3 204800 0.04
17 7 3 204800 0.04
17 7 3 204800 0.04
17 7 3 204800 0.04
17 7 3 204800 0.04
17 7 3 204800 0.04
17 7 3 204800 0.04
17 7 3 204800 0.04
18 7 3 204800 0.04
18 7 3 204800 0.04
18 7 3 204800 0.04
18 7 3 204800 0.04
18 7 3 204800 0.04
18 7 3 204800 0.04
18 7 3 204800 0.04
18 7 3 204800 0.04
18 7 3 204800 0.04
18 7 3 204800 0.04
18 7 3 204800 0.04
18 7 3 204800 0.04
18 7 3 204800 0.04
18 7 3 204800 0.04
18 7 3 204800 0.04
18 7 3 204800 0.04
18 7 3 204800 0.04
18 7 3 204800 0.04
18 7 3 204800 0.04
18 7 3 204800 0.04
18 7 3 204800 0.04
18 7 3 204800 0.04
18 7 3 204800 0.04
18 7 3 204800 0.04
18 7 3 204800 0.04
18 7 3 204800 0.04
18 7 3 204800 0.04
18 7 3 204800 0.04
18 7 3 204800 0.04
18 7 3 204800 0.04
18 7 3 204800 0.04
18 7 3 204800 0.04
18 7 3 204800 0.04
18 7 3 204800 0.04
18 7 3 204800 0.04
18 7 3 204800 0.04
18 7 3 204800 0.04
18 7 3 204800 0.04
18 7 3 204800 0.04
18 7 3 204800 0.04
18 7 3 204800 0.04
18 7 3 204800 0.04
19 7 3 204800 0.04
19 7 3 204800 0.04
19 7 3 204800 0.04
19 7 3 204800 0.04
19 7 3 204800 0.04
19 7 3 204800 0.04
19 7 3 204800 0.04
19 7 3 204800 0.04
19 7 3 204800 0.04
19 7 3 204800 0.04
19 7 3 204800 0.04
19 7 3 204800 0.04
19 7 3 204800 0.04
19 7 3 204800 0.04
19 7 3 204800 0.04
19 7 3 204800 0.04
19 7 3 204800 0.04
19 7 3 204800 0.04
19 7 3 204800 0.04
19 7 3 204800 0.04
19 7 3 204800 0.04
19 7 3 204800 0.04
19 7 3 204800 0.04
19 7 3 204800 0.04
19 7 3 204800 0.04
19 7 3 204800 0.04
19 7 3 204800 0.04
19 7 3 204800 0.04
19 7 3 204800 0.04
19 7 3 204800 0.04
19 7 3 204800 0.04
19 7 3 204800 0.04
19 7 3 204800 0.04
19 7 3 204800 0.04
19 7 3 204800 0.04
19 7 3 204800 0.04
19 7 3 204800 0.04
19 7 3 204800 0.04
19 7 3 204800 0.04
19 7 3 204800 0.04
19 7 3 204800 0.04
19 7 3 204800 0.04
20 7 3 204800 0.04
20 7 3 204800 0.04
20 7 3 204800 0.04
20 7 3 204800 0.04
20 7 3 204800 0.04
20 7 3 204800 0.04
20 7 3 204800 0.04
20 7 3 204800 0.04
20 7 3 204800 0.04
20 7 3 204800 0.04
20 7 3 204800 0.04
20 7 3 204800 0.04
20 7 3 204800 0.04
20 7 3 204800 0.04
20 7 3 204800 0.04
20 7 3 204800 0.04
20 7 3 204800 0.04
20 7 3 204800 0.04
20 7 3 204800 0.04
20 7 3 204800 0.04
20 7 3 204800 0.04
20 7 3 204800 0.04
20 7 3 204800 0.04
20 7 3 204800 0.04
20 7 3 204800 0.04
20 7 3 204800 0.04
20 7 3 204800 0.04
20 7 3 204800 0.04
20 7 3 204800 0.04
20 7 3 204800 0.04
20 7 3 204800 0.04
20 7 3 204800 0.04
20 7 3 204800 0.04
20 7 3 204800 0.04
20 7 3 204800 0.04
20 7 3 204800 0.04
20 7 3 204800 0.04
20 7 3 204800 0.04
20 7 3 204800 0.04
20 7 3 204800 0.04
20 7 3 204800 0.04
20 7 3 204800 0.04
21 7 3 204800 0.04
21 7 3 204800 0.04
21 7 3 204800 0.04
21 7 3 204800 0.04
21 7 3 204800 0.04
21 7 3 204800 0.04
21 7 3 204800 0.04
21 7 3 204800 0.04
21 7 3 204800 0.04
21 7 3 204800 0.04
21 7 3 204800 0.04
21 7 3 204800 0.04
21 7 3 204800 0.04
21 7 3 204800 0.04
21 7 3 204800 0.04
21 7 3 204800 0.04
21 7 3 204800 0.04
21 7 3 204800 0.04
21 7 3 204800 0.04
21 7 3 204800 0.04
21 7 3 204800 0.04
21 7 3 204800 0.04
21 7 3 204800 0.04
21 7 3 204800 0.04
21 7 3 204800 0.04
21 7 3 204800 0.04
21 7 3 204800 0.04
21 7 3 204800 0.04
21 7 3 204800 0.04
21 7 3 204800 0.04
21 7 3 204800 0.04
21 7 3 204800 0.04
21 7 3 204800 0.04
21 7 3 204800 0.04
21 7 3 204800 0.04
21 7 3 204800 0.04
21 7 3 204800 0.04
21 7 3 204800 0.04
21 7 3 204800 0.04
21 7 3 204800 0.04
21 7 3 204800 0.04
21 7 3 204800 0.04
