100000 6 291 0 291
200000 6 357 0 357
700000 6 456 0 456
800000 6 69 0 69
1500000 6 19 0 19
1600000 6 478 0 478
1700000 6 49 0 49
2700000 6 246 0 246
2800000 6 242 0 242
4100000 6 300 0 300
4200000 6 157 0 157
5600000 6 263 0 263
5700000 6 162 0 162
7200000 6 121 0 121
7300000 6 296 0 296
8900000 6 371 0 371
9000000 6 46 0 46
10500000 6 40 0 40
10600000 6 372 0 372
12200000 6 98 0 98
12300000 6 307 0 307
13900000 6 59 0 59
14000000 6 342 0 342
15700000 6 399 0 399
17400000 6 241 0 241
17500000 6 156 0 156
19200000 6 386 0 386
19300000 6 5 0 5
21000000 6 386 0 386
