128388 5 0 1 1
128396 5 0 1 0
128599 2 0 1 1
128599 3 0 1 1
128599 4 0 1 1
128599 5 0 1 1
128607 2 0 1 0
128810 2 0 1 1
128810 3 0 1 1
128810 4 0 1 1
128810 5 0 1 1
129021 2 0 1 1
129021 3 0 1 1
129021 4 0 1 1
129021 5 0 1 1
129232 2 0 1 1
129232 3 0 1 1
129232 4 0 1 1
129232 5 0 1 1
129443 2 0 1 1
129443 3 0 1 1
129443 4 0 1 1
129443 5 0 1 1
129654 2 0 1 1
129654 3 0 1 1
129654 4 0 1 1
129654 5 0 1 1
129865 2 0 1 1
129865 3 0 1 1
129865 4 0 1 1
129865 5 0 1 1
130076 2 0 1 1
130076 3 0 1 1
130076 4 0 1 1
130076 5 0 1 1
130287 2 0 1 1
130287 3 0 1 1
130287 4 0 1 1
130287 5 0 1 1
130498 2 0 1 1
130498 3 0 1 1
130498 4 0 1 1
130498 5 0 1 1
130709 2 0 1 1
130709 3 0 1 1
130709 4 0 1 1
130709 5 0 1 1
130920 3 0 1 1
130920 4 0 1 1
130920 5 0 1 1
131131 3 0 1 1
131131 4 0 1 1
131131 5 0 1 1
131342 3 0 1 1
131342 4 0 1 1
131342 5 0 1 1
131553 3 0 1 1
131553 4 0 1 1
131553 5 0 1 1
131764 3 0 1 1
131764 4 0 1 1
131764 5 0 1 1
131975 4 0 1 1
131975 5 0 1 1
132186 4 0 1 1
132186 5 0 1 1
132397 4 0 1 1
132397 5 0 1 1
132608 4 0 1 1
132608 5 0 1 1
132819 4 0 1 1
132819 5 0 1 1
133030 5 0 1 1
133241 5 0 1 1
133452 5 0 1 1
133663 5 0 1 1
133874 5 0 1 1
